1.9643 
2.2753 
2.9781 
2.9320 
3.5772 
4.0150 
3.3814 
3.9113 
2.7822 
2.5518 
3.3698 
3.1048 
1.9182 
2.2638 
2.6555 
3.1855 
3.6579 
3.9113 
3.6002 
3.0357 
1.5841 
2.0103 
1.9527 
2.2753 
2.3099 
2.8283 
3.0473 
2.4827 
2.5057 
1.8721 
2.0103 
1.2269 
1.8951 
1.5610 
1.5495 
1.6878 
1.4919 
0.9620 
1.1693 
0.8122 
0.9735 
1.2500 
1.3191 
2.2292 
2.4482 
2.7938 
2.0910 
2.5403 
0.9044 
0.7662 
0.0864 
4.5957 
3.8589 
4.5651 
3.5519 
2.8560 
3.1937 
3.4291 
4.1761 
4.0431 
4.6162 
3.9101 
3.0709 
4.0534 
4.3706 
3.5008 
4.2888 
3.8692 
3.4291 
3.1221 
3.3165 
3.3575 
3.2039 
2.7843 
2.7127 
2.9584 
2.6309 
2.2931 
2.0373 
2.3853 
2.0577 
2.3546 
2.3239 
2.9174 
3.0709 
2.6923 
2.4057 
2.0271 
2.6820 
2.9276 
2.9992 
3.3881 
3.1937 
3.5109 
2.2010 
2.6411 
1.9656 
1.6177 
2.8867 
3.0198 
2.5899 
4.1045 
