0.6031
0.6499
0.7054
0.7844
0.8662
0.9291
0.9349
0.9349
0.9101
0.8794
0.8370
0.8194
0.8545
0.8896
0.8999
0.8355
0.7917
0.7654
0.8326
0.8852
0.9218
0.8999
0.8633
0.8194
0.8575
0.8999
0.9379
0.9452
0.9349
0.9013
0.8618
0.8589
0.8618
0.8721
0.8721
0.8385
0.8311
0.8136
0.7741
0.7493
0.7273
0.6996
0.6542
0.6338
0.6235
0.5855
0.5797
0.5958
0.6425
0.6455
0.7039
0.7420
0.7770
0.7917
0.8151
0.8238
0.8823
0.8940
0.8896
0.8648
0.8443
0.8399
0.8838
0.8999
0.9364
0.9554
0.9613
0.9583
0.9335
0.9247
0.9423
0.9218
0.8911
0.8808
0.9613
0.9642
0.9671
0.9423
0.9364
0.9232
0.9013
0.8882
0.8648
0.8487
0.9072
0.9276
0.9335
0.9583
0.9730
0.9569
0.9349
0.9276
0.9554
0.9583
0.9525
0.9496
0.9364
0.9232
0.9189
0.9145
0.8925
0.8896
0.8750
0.8501
0.8399
0.8165
0.7990
0.7902
0.7639
0.7566
0.8428
0.8896
0.9232
0.9393
0.9408
0.9218
0.9159
0.9159
0.9379
0.9510
0.9189
0.8721
0.8531
0.9262
0.9554
0.9466
0.9291
0.9145
0.9232
0.9306
0.9262
0.9232
0.9101
0.9598
0.9598
0.9393
0.9057
0.9086
0.9203
0.9247
0.9232
0.9145
0.9496
0.9627
0.9554
0.9510
0.9130
0.8648
0.8618
0.8867
0.9101
0.9174
0.9174
0.9101
0.8838
0.8633
0.8414
0.8560
0.8765
0.8984
0.8984
0.8955
0.8911
0.8750
0.8604
0.8501
0.8341
0.8194
0.7873
0.7537
0.7478
0.7390
0.7010
0.6835
0.6542
0.6308
0.5885
0.5885
0.6250
0.6645
0.6703
0.6718
0.7054
0.7215
0.7522
0.7595
0.7741
0.7741
0.8969
0.8458
0.8209
0.7990
0.7493
0.8516
0.8633
0.8545
0.8414
0.8341
0.8297
0.8107
0.8019
0.8414
0.8341
0.8238
0.8048
0.7844
0.8004
0.8004
0.8165
0.8063
0.7814
0.7785
0.7624
0.7259
0.7069
0.6966
0.6791
0.6615
0.6528
0.6440
0.6265
0.6060
0.5811
0.5534
0.5300
0.5183
0.5256
0.5651
0.5841
0.6206
0.6689
0.6820
0.7303
0.7639
0.8092
0.8209
0.8282
0.8224
0.7990
0.7887
0.7683
0.7654
0.7770
0.8004
0.7990
0.7800
0.7390
0.6908
0.6615
0.6396
0.6177
0.6089
0.5914
0.5724
0.5344
0.5387
0.5914
0.6294
0.6484
0.6762
0.7025
0.7624
0.7390
0.6674
0.6118
0.5987
0.6148
0.6323
0.6499
0.6601
0.6674
0.6747
0.6762
0.6615
0.6396
0.6162
0.5870
0.5577
0.5285
0.5270
0.5563
0.5972
0.6425
0.6615
0.6732
0.6937
0.6966
0.7069
0.6923
0.6747
0.6542
0.6528
0.6689
0.6981
0.7025
0.6762
0.6820
0.6849
0.7054
0.7098
0.7142
0.7113
0.6835
0.6849
0.6645
0.6557
0.6323
0.6075
0.5943
0.5826
0.5534
0.5431
0.5373
0.5461
0.5768
0.5855
0.6250
0.6411
0.6528
0.6718
0.6864
0.6864
0.6864
0.6747
0.8999
0.8955
0.8911
0.8823
0.8779
0.8867
0.8925
0.9086
0.9159
0.9072
0.8750
0.7931
0.7800
0.7756
0.7727
0.7741
0.7770
0.8019
0.8034
0.8004
0.8063
0.8458
0.8662
0.8501
0.8370
0.8268
0.8224
0.8224
0.8209
0.8194
0.7887
0.7858
0.8399
0.8501
0.9408
0.9408
0.9306
0.9510
0.8999
0.8911
0.8604
0.8662
0.8852
0.8838
0.9145
0.9130
0.8969
0.8852
0.8838
0.9115
0.8969
0.8794
0.8589
0.7142
0.7741
0.7449
0.6981
0.6732
0.6542
0.6382
0.6162
0.6045
0.5636
0.5285
0.5095
0.6425
0.6689
0.6791
0.7054
0.7390
0.7230
0.7054
0.6513
0.6411
0.6674
0.6952
0.7113
0.7230
0.7186
0.6879
0.6615
0.6484
0.5914
0.5958
0.6001
0.6221
0.6206
0.5943
0.5768
0.5665
0.5621
0.5577
0.5548
0.5475
0.5358
0.5329
0.5285
0.5270
0.5270
0.5300
0.5300
0.5270
0.5168
0.5110
0.5358
0.5636
0.5753
0.5885
0.6075
0.6162
0.6192
0.6075
0.5943
0.5417
0.5227
0.5110
0.5080
0.5168
0.5227
0.5241
0.5665
0.5665
0.5358
0.5168
0.5621
0.5709
0.5782
0.5958
0.5958
0.6455
0.6937
0.7069
0.7288
0.7127
0.7405
0.7537
0.7566
0.7420
0.7171
0.6879
0.6659
0.6513
0.6528
0.6089
0.5914
0.5636
0.5417
0.5431
0.6118
0.6893
0.7332
0.7493
0.7654
0.6674
0.6776
0.6864
0.7127
0.7288
0.7303
0.7010
0.6338
0.5519
0.5387
0.5329
0.8165
0.7858
0.7566
0.7273
0.7186
0.7230
0.7332
0.7522
0.7654
0.7770
0.7961
0.8136
0.8253
0.7961
0.7654
0.7390
0.7434
0.7420
0.7405
0.7522
0.7829
0.7756
0.7712
0.7551
0.7478
0.7405
0.7054
0.6747
0.6440
0.8121
0.8472
0.8165
0.8458
0.8779
0.8604
0.8268
0.7902
0.8019
0.7610
0.7127
0.7493
0.6732
0.6294
0.5958
0.6265
0.6235
0.6849
0.7405
0.7654
0.8209
0.7624
0.6952
0.6484
0.5943
0.5826
0.6923
0.6923
0.6923
0.6893
0.6747
0.6484
0.6367
0.6294
0.6206
0.6440
0.6542
0.6732
0.6849
0.6864
0.6923
0.6718
0.6791
0.6615
0.6572
0.6382
0.6382
0.6469
0.6791
0.6732
0.6586
0.7025
0.7039
0.7259
0.7376
0.6893
0.6747
0.6879
0.7230
0.6937
0.5724
0.5461
0.5300
0.4920
0.5487
0.5876
0.5753
0.5425
0.5671
0.6224
0.6203
0.5364
0.5098
0.5773
0.5958
0.5692
0.5405
0.5487
0.5446
0.6797
0.7697
0.8618
0.9273
0.9335
0.9396
0.8518
0.8184
0.8132
0.7956
0.7728
0.7465
0.7465
0.7623
0.7868
0.8061
0.8325
0.8746
0.9114
0.9009
0.8570
0.8184
0.7728
0.7307
0.7535
0.7640
0.4851
0.4711
0.4518
0.4360
0.4219
0.4114
0.4289
0.4553
0.4921
0.5149
0.5360
0.5167
0.5009
0.4746
0.4500
0.4342
0.4237
0.4167
0.5237
0.4886
0.4781
0.4412
0.4254
0.4219
0.4412
0.4658
0.4991
0.5219
0.5535
0.5746
0.5868
0.5114
0.5026
0.4763
0.4289
0.4167
0.4693
0.4605
0.4500
0.4518
0.4465
0.4395
0.4482
0.4658
0.4658
0.4640
0.4588
0.4588
0.4553
0.4377
0.4237
0.4149
0.4167
0.4412
0.4482
0.4711
0.4781
0.4781
0.4746
0.4746
0.4746
0.4518
0.4325
0.4114
0.4061
0.4991
0.5167
0.5044
0.4956
0.4904
0.4763
0.4728
0.4868
0.4851
0.4658
0.4623
0.4588
0.4395
0.4360
0.4219
0.4184
0.4167
0.4482
0.4500
0.4886
0.4553
0.4360
0.4202
0.4114
0.4096
0.4588
0.5360
0.5728
0.5360
0.4991
0.5114
0.5272
0.5202
0.4974
0.4798
0.4500
0.4272
0.4079
0.4026
0.4412
0.4640
0.4640
0.4886
0.5096
0.4675
0.4325
0.4254
0.4202
0.4798
0.5167
0.5325
0.5254
0.4851
0.4553
0.4447
0.4833
0.5360
0.5535
0.9816
0.9693
0.9868
0.9588
0.9886
0.9675
0.9711
0.7921
0.8342
0.8588
0.8623
0.8132
0.7974
0.7746
0.7553
0.7289
0.7237
0.7061
0.6956
0.6816
0.6605
0.6482
0.6553
0.6974
0.7272
0.6658
0.6412
0.6360
0.6184
0.6132
0.6254
0.6254
0.6149
0.6009
0.5851
0.5482
0.5289
0.8447
0.8167
0.8044
0.8149
0.8044
0.7833
0.7482
0.7167
0.7026
0.7360
0.7377
0.7658
0.7763
0.8026
0.8202
0.8377
0.8447
0.8184
0.8395
0.8395
0.7974
0.7728
0.8430
0.8693
0.8711
0.8693
0.8570
0.8395
0.8044
0.8570
0.8219
0.5798
0.5921
0.5728
0.5693
0.5500
0.5570
0.5570
0.5570
0.5289
0.5149
0.4991
0.4904
0.5149
0.5430
0.5289
0.5009
0.4868
0.4816
0.4658
0.4430
0.4219
0.4079
0.4079
0.4114
0.4132
0.4254
0.4342
0.4342
0.4360
0.4693
0.4746
0.4535
0.4360
0.5167
0.5570
0.5605
0.5254
0.4939
0.4535
0.4447
0.5079
0.5272
0.5377
0.5658
0.5798
0.5167
0.4728
0.4395
0.4254
0.4149
