0.1071
0.0933
0.0979
0.1555
0.2108
0.3283
0.4297
0.6210
0.7569
0.8191
0.8099
0.7500
0.7730
0.7707
0.7661
0.7800
0.7500
0.7615
0.8145
0.8145
0.5634
0.4942
0.4804
0.4482
0.4251
0.4505
0.5104
0.4988
0.3514
0.2730
0.2339
0.2154
0.1348
0.0749
0.0588
0.1002
0.1210
0.1325
0.1371
0.1164
0.1048
0.1071
0.0910
0.0680
0.0680
0.0933
0.1624
0.1786
0.1440
0.1094
0.1463
0.1486
0.1601
0.1233
0.1048
0.0818
0.0588
0.0956
0.1440
0.1694
0.1647
0.1187
0.1624
0.2362
0.2777
0.2984
0.3376
0.3422
0.2938
0.2592
0.2523
0.2131
0.2039
0.1924
0.3629
0.4182
0.4297
0.3906
0.3906
0.4182
0.4136
0.4113
0.4574
0.4666
0.5081
0.5219
0.4343
0.4482
0.4643
0.5081
0.5242
0.5680
0.5864
0.5910
0.6256
0.6624
0.6901
0.6832
0.7408
0.7661
0.7154
0.7293
0.7454
0.7385
0.7385
0.7800
0.8053
0.7961
0.7823
0.7661
0.7200
0.7385
0.7408
0.7154
0.6763
0.6371
0.6809
0.7408
0.7569
0.7776
0.8329
0.7800
0.7776
0.7707
0.6717
0.5749
0.5449
0.5035
0.4435
0.3906
0.3376
0.3698
0.4366
0.5357
0.4574
0.4228
0.4090
0.3675
0.3145
0.3329
0.4574
0.5081
0.4735
0.5380
0.6970
0.7500
0.8007
0.8237
0.7108
0.7016
0.6371
0.5933
0.5634
0.5403
0.5104
0.5012
0.4804
0.4320
0.4044
0.3652
0.3145
0.2777
0.2638
0.2362
0.2223
0.1947
0.1717
0.1763
0.1832
0.1601
0.1118
0.0887
0.0933
0.1256
0.1624
0.1279
0.1348
0.1855
0.1924
0.1325
0.1002
0.0749
0.0703
0.0933
0.1002
0.0657
0.0818
0.0979
0.8214
0.8583
0.8145
0.7892
0.7915
0.3721
0.3514
0.3053
0.3237
0.2892
0.2777
0.2938
0.2984
0.3168
0.3537
0.3537
0.3053
0.2915
0.2615
0.2684
0.2707
0.2477
0.2592
0.2615
0.2339
0.2293
0.2661
0.3030
0.2938
0.2684
0.2823
0.3122
0.3491
0.3514
0.3790
0.4205
0.3790
0.3468
0.3376
0.3468
0.3606
0.3191
0.3283
0.3353
0.3076
0.3053
0.3191
0.3353
0.3606
0.3882
0.4044
0.4136
0.3744
0.3652
0.3675
0.3698
0.3468
0.3329
0.3329
0.3583
0.3537
0.3675
0.3952
0.3859
0.4389
0.4228
0.4505
0.4643
0.4712
0.4620
0.4366
0.4067
0.3744
0.3583
0.3675
0.4067
0.4228
0.4850
0.4804
0.5081
0.5150
0.5265
0.5588
0.5749
0.5933
0.6417
0.6786
0.7039
0.7270
0.7385
0.7800
0.7892
0.7846
0.7846
0.7500
0.7385
0.7293
0.6786
0.6647
0.5910
0.5495
0.5311
0.4942
0.4412
0.4274
0.3975
0.3975
0.4666
0.5081
0.5081
0.5472
0.5841
0.6118
0.6694
0.6348
0.7108
0.6924
0.7477
0.7293
0.7362
0.7431
0.7730
0.7477
0.7615
0.8076
0.8122
0.8306
0.8237
0.7938
0.7776
0.7569
0.7408
0.7224
0.6578
0.6440
0.5933
0.5403
0.6233
0.6509
0.6924
0.6394
0.5495
0.5403
0.5657
0.6325
0.7039
0.7500
0.8053
0.8376
0.8675
0.9044
0.9528
0.9758
0.9689
0.9274
0.8813
0.8514
0.8076
0.8007
0.8606
0.9090
0.9205
0.9551
0.9666
0.9689
0.8975
0.8514
0.8514
0.8560
0.8283
0.6002
0.6002
0.4827
0.2546
0.2270
0.1601
0.1763
0.1118
0.0749
0.0541
0.0449
0.1118
0.1048
0.1532
0.1993
0.0611
0.0565
0.0749
0.0933
0.3537
0.3099
0.2707
0.3007
0.3929
0.4044
0.4205
0.4459
0.4643
0.3744
0.4251
0.3698
0.4804
0.4297
0.5541
0.6210
0.6164
0.6624
0.6832
0.6924
0.7200
0.7270
0.6809
0.6555
0.6210
0.5910
0.5680
0.5680
0.5657
0.6279
0.5634
0.6187
0.6071
0.5887
0.5772
0.5841
0.6118
0.6233
0.6233
0.5979
0.5541
0.5449
0.5449
0.5703
0.5956
0.5979
0.6302
0.6578
0.7039
0.7062
0.7016
0.6647
0.6440
0.6440
0.6440
0.6371
0.6348
0.5887
0.5518
0.5611
0.5772
0.5518
0.5472
0.5472
0.5933
0.6694
0.6740
0.6624
0.6624
0.6417
0.6647
0.5795
0.5449
0.5472
0.6048
0.6509
0.3882
0.3698
0.3122
0.3122
0.2730
0.3053
0.3122
0.2546
0.2892
0.2730
0.2961
0.3445
0.3675
0.3929
0.3882
0.4067
0.3906
0.4021
0.3583
0.3399
0.3514
0.3053
0.2408
0.2823
0.4873
0.5196
0.5864
0.6348
0.6486
0.6647
0.6993
0.7523
0.7846
0.8030
0.8306
0.6094
0.6118
0.5749
0.5449
0.5588
0.5887
0.5956
0.6025
0.5703
0.5634
0.5772
0.6002
0.6187
0.6463
0.6371
0.6486
0.6509
0.6601
0.6601
0.6694
0.6348
0.6025
0.6048
0.6164
0.6578
0.6809
0.6970
0.7085
0.7362
0.1647
0.1509
0.1417
0.1348
0.1279
0.0841
0.0680
0.1233
0.0818
0.1371
0.1371
0.1509
0.1486
0.2131
0.1417
0.1694
0.0772
0.0565
0.0864
0.0703
0.0634
0.0541
0.0518
0.0818
0.1532
0.2085
0.7293
0.8053
0.8283
0.8560
0.9274
0.9758
0.9804
0.8998
0.8721
0.8491
0.8145
0.7846
0.7753
0.7753
0.7454
0.8099
0.8583
0.8629
0.9228
0.9412
0.9896
0.9873
0.9182
0.8422
0.8099
0.7270
0.6901
0.6901
0.5795
0.4735
0.4343
0.2500
0.2247
0.1809
0.1187
0.1647
0.1717
0.1555
0.1325
0.1256
0.1786
0.2223
0.2293
0.2016
0.1740
0.1417
0.1371
0.0772
0.0749
0.1325
0.1924
0.0749
0.1164
0.1256
0.0910
0.1509
0.2039
0.2661
0.3214
0.5058
0.4827
0.5081
0.4850
0.4781
0.4781
0.4597
0.4597
0.4781
0.4597
0.4620
0.4735
0.4758
0.4482
0.4965
0.5150
0.4781
0.4758
0.4366
0.4689
0.3836
0.3537
0.3698
0.3560
0.3445
0.3491
0.3813
0.3813
0.3790
0.3859
0.4159
0.4136
0.4044
0.4113
0.4044
0.3952
0.3975
0.4090
0.7892
0.8076
0.8053
0.7846
0.7823
0.8306
0.8399
0.8237
0.8399
0.8399
0.8329
0.8422
0.8606
0.8122
0.7984
0.8030
0.7753
0.7362
0.7823
0.7823
0.7592
0.7454
0.7408
0.7339
0.6993
0.6970
0.6924
0.6763
0.6578
0.6578
0.6440
0.6486
0.6187
0.5588
0.5541
0.5910
0.6094
0.6210
0.6279
0.6440
0.6624
0.6809
0.6325
0.5887
0.5818
0.5703
0.5588
0.5541
0.5150
0.5104
0.5173
0.5541
0.5541
0.5403
0.5288
0.5035
0.4919
0.5173
0.5265
0.5403
0.5173
0.4965
0.4896
0.4735
0.4873
0.5081
0.5150
0.4505
0.4758
0.4735
0.4574
0.4505
0.4873
0.5334
0.5380
0.5288
0.5127
0.1855
0.2085
0.1901
0.1878
0.1901
0.1970
0.1947
0.1763
0.1463
0.1325
0.1578
0.1647
0.1187
0.1279
0.1601
0.1740
0.1578
0.1832
0.2062
0.2154
0.2270
0.1164
0.1164
0.1371
0.1002
0.2131
0.2615
0.2523
0.7108
0.6624
0.6947
0.7154
0.3721
0.3744
0.4159
0.2270
0.2477
0.2730
0.2915
0.2223
0.2247
0.2039
0.1855
0.2062
0.2454
0.2223
0.2270
0.2592
0.2247
0.2039
0.1993
0.2339
0.2569
0.2546
0.2661
0.2431
0.2339
0.2408
0.2730
0.2892
0.3030
0.3191
0.3376
0.3629
0.3744
0.6048
0.5703
0.5634
0.6233
0.6647
0.6647
0.6878
0.7177
0.7385
0.7408
0.7108
0.6855
0.6832
0.6878
0.6878
0.6694
0.6555
0.6394
0.6394
0.5841
0.5634
0.5472
0.5680
0.5818
0.5956
0.6256
0.6486
0.6371
0.6417
0.6671
0.7062
0.9620
0.9274
0.9274
0.9482
0.9620
0.9574
0.9159
0.9159
0.9228
0.9251
0.9366
0.9689
0.9988
0.9597
0.9551
0.9412
0.9182
0.9113
0.9136
0.9067
0.8790
0.8744
0.9274
0.9482
0.9620
0.9666
0.9666
0.9482
0.9343
0.9482
0.9643
0.9896
0.9873
0.9666
0.9597
0.9044
0.9159
0.9228
0.9113
0.8906
0.8744
0.8975
0.9136
0.9689
0.9850
0.9942
0.9643
0.9758
0.9896
0.9965
